d1:
193
195
204
208
219
230
231
233
234
241
253
260
261
265
268
279
277
297
299
300
306
308
312
313
329
349
361
362
369
371
373
378
380
382
383
382
384
385
386
388
417
419
424
429
435
438
439
454
468
498
504
510
512
514
518
526
528
533
555
561
565
585
590
617
633
635
640
641
652
653
657
659
673
690
696
690
691
712
718
708
711
723
733
734
736
739
738
739
761
764
767
768
774
779
791
797
800
804
807
810
811
810
812
814
813
817
827
824
847
848
850
852
880
882
892
896
898
899
900
906
921
933
935
937
935
937
944
951
955
963
964
979
981
985
996
997
998
1005
1009
1011
1015
1019
1021
1022
1006
1009
1017
1018
1019
1022
1028
1022
1023
1043
1046
1047
1053
1054
1078
1079
1091
1111
1115
1119
1127
1128
1129
1130
1147
1160
1161
1176
1177
1171
1183
1189
1190
1191
1193
1195
1201
1203
1215
1219
1229
1222
1206
1212
1232
1235
1242
1257
1258
1261
1267
1269
1267
1265
1267
1273
1275
1278
1282
1285
1288
1306
1330
1345
1354
1355
1358
1360
1358
1367
1368
1366
1363
1365
1366
1367
1369
1371
1374
1377
1378
1381
1382
1387
1400
1421
1425
1445
1459
1461
1463
1483
1487
1488
1490
1491
1493
1531
1544
1546
1548
1549
1556
1559
1563
1544
1558
1577
1590
1592
1599
1596
1599
1617
1621
1623
1624
1627
1628
1631
1634
1666
1696
1697
1700
1699
1710
1715
1717
1720
1730
1726
1727
1741
1739
1745
1751
1754
1763
1765
1767
1792
1797
1798
1814
1838
1852
1858
1884
1889
1898
1899
1898
1907
1908
1921
1922
1942
1944
1954
1956
1961
1967
1971
1972
1973
1995
2021
2027
2039
2045
2043
2044
2048
2055
2056
2058
2083
2086
2093
2106
2107
2110
2112
2118
2121
2133
2139
2146
2150
2155
2160
2164
2165
2166
2160
2159
2158
2164
2175
2179
2186
2191
2192
2196
2187
2207
2214
2222
2223
2225
2229
2231
2228
2229
2230
2233
2236
2238
2241
2245
2225
2229
2231
2235
2237
2240
2243
2245
2246
2249
2250
2251
2256
2259
2271
2272
2273
2268
2269
2270
2275
2272
2273
2275
2276
2282
2285
2289
2300
2306
2337
2338
2359
2353
2354
2357
2364
2370
2359
2360
2361
2373
2384
2398
2399
2395
2403
2406
2408
2414
2415
2420
2419
2427
2443
2455
2457
2477
2479
2487
2488
2491
2493
2496
2505
2511
2513
2514
2517
2546
2530
2532
2533
2537
2541
2542
2541
2567
2576
2592
2611
2616
2622
2640
2665
2679
2687
2693
2699
2706
2715
2721
2742
2739
2756
2762
2771
2772
2773
2770
2788
2789
2798
2799
2800
2801
2800
2803
2807
2808
2812
2815
2848
2854
2855
2857
2858
2868
2870
2884
2888
2890
2900
2901
2909
2912
2918
2919
2925
2939
2942
2956
2963
2967
2968
2972
2986
2998
3001
3023
3037
3047
3050
3054
3062
3065
3064
3066
3067
3068
3082
3084
3090
3097
3099
3098
3094
3078
3081
3083
3085
3068
3076
3077
3078
3080
3086
3090
3102
3107
3111
3114
3119
3124
3125
3126
3127
3131
3135
3137
3138
3139
3143
3173
3190
3191
3192
3194
3198
3199
3200
3194
3196
3220
3222
3223
3210
3213
3214
3218
3232
3243
3251
3266
3267
3266
3270
3273
3275
3278
3283
3300
3306
3307
3326
3329
3332
3333
3334
3340
3343
3345
3359
3361
3362
3373
3378
3379
3380
3383
3386
3409
3422
3431
3433
3434
3438
3454
3479
3481
3490
3503
3511
3516
3503
3505
3530
3527
3529
3532
3553
3556
3557
3562
3571
3572
3574
3575
3584
3602
3603
3606
3597
3624
3644
3669
3670
3676
3690
3713
3714
3741
3743
3725
3745
3749
3758
3759
3775
3796
3798
3799
3805
3817
3818
3829
3869
3886
3881
3882
3887
3888
3907
3902
3901
3922
3920
3897
3890
3920
3937
3947
3949
3953
3967
3976
3977
3988
3998
3999
4004
4009
3973
3975
3988
3990
3994
4001
4005
4016
4017
4018
4027
4028
4023
4029
4000
4001
4002
4009
4010
4013
4014
4029
4032
4034
4039
4040
4050
4055
4050
4055
4058
4059
4061
4064
4080
4082
4081
4082
4084
4085
4088
4090
4091
4109
4118
4119
4140
4145
4150
4151
4147
4150
4156
4175
4177
4178
4181
4182
4183
4191
4190
4191
4223
4225
4233
4263
4270
4277
4280
4302
4304
4316
4319
4320
4312
4320
4321
4356
4354
4355
4361
4374
4402
4384
4389
4390
4392
4390
4402
4408
4409
4449
4453
4454
4462
4464
4465
4467
4469
4470
4472
4474
4473
4474
4478
4490
4493
4495
4503
4506
4509
4512
4524
4525
4526
4541
4557
4558
4559
4560
4561
4568
4583
4584
4587
4589
4598
4603
4606
4607
4610
4611
4612
4627
4630
4653
4656
4657
4659
4660
4682
4684
4683
4684
4685
4686
4691
4692
4701
4702
4706
4713
4714
4745
4772
4773
4781
4783
4802
4807
4812
4815
4821
4823
4825
4831
4832
4847
4848
4849
4850
4858
4857
4858
4874
4852
4858
4869
4882
4884
4886
4896
4887
4888
4893
4903
4907
4909
4905
4915
4940
4944
4961
4967
4968
4960
4983
4987
4986
4988
4991
4993
4983
4985
4987
4989
4993
4994
4967
4980
4975
4980
4999
5000
5001
5003
5005
5007
5016
5024
5026
5027
5028
5029
5030
5045
5055
5056
5066
5064
5081
5083
5084
5090
5061
5063
5069
5091
5102
5103
5106
5116
5123
5141
5146
5149
5150
5167
5168
5170
5171
5182
5181
5185
5186
5191
5195
5213
5232
5233
5242
5251
5266
5270
5268
5269
5284
5290
5294
5300
5302
5303
5304
5332
5335
5329
5332
5334
5343
5346
5356
5357
5363
5365
5366
5367
5373
5377
5384
5394
5395
5392
5403
5405
5394
5399
5401
5412
5413
5416
5418
5424
5429
5402
5408
5418
5420
5428
5430
5437
5438
5442
5444
5474
5486
5488
5501
5514
5520
5519
5522
5547
5551
5553
5557
5558
5581
5583
5587
5572
5575
5574
5575
5578
5593
5595
5596
5597
5606
5612
5613
5623
5624
5636
5637
5646
5671
5675
5680
5691
5693
5720
5721
5733
5738
5750
5729
5730
5731
5732
5734
5729
5748
5750
5751
5753
5756
5761
5768
5771
5775
5777
5791
5793
5795
5798
5795
5808
5809
5810
5812
5813
5820
5821
5824
5854
5868
5869
5874
5880
5886
5887
5908
5909
5918
5926
5931
5941
5957
5967
5960
5961
5958
5971
5973
5975
5976
5978
5979
5986
5991
5994
5977
5982
5983
5987
5989
6013
6012
6019
6022
6033
6034
6037
6038
6066
6068
6073
6075
6077
6082
6094
6108
6109
6111
6113
6116
6117
6121
6122
6124
6129
6132
6140
6141
6153
6164
6185
6183
6197
6198
6196
6203
6204
6224
6227
6230
6231
6240
6257
6259
6261
6280
6288
6290
6291
6293
6304
6306
6308
6310
6316
6319
6334
6335
6336
6337
6345
6346
6347
6350
6353
6356
6364
6369
6374
6380
6384
6403
6410
6411
6415
6416
6417
6419
6420
6433
6437
6443
6454
6455
6458
6481
6492
6496
6517
6527
6532
6547
6548
6552
6560
6553
6568
6572
6574
6575
6571
6576
6580
6596
6597
6624
6628
6629
6642
6645
6629
6634
6640
6645
6646
6655
6661
6673
6680
6683
6674
6679
6690
6691
6692
6707
6713
6714
6721
6741
6746
6762
6766
6767
6773
6784
6785
6786
6790
6791
6792
6824
6828
6833
6835
6836
6837
6838
6826
6829
6864
6876
6877
6878
6880
6882
6883
6889
6900
6901
6938
6939
6943
6949
6955
6959
6961
6962
6965
6967
6968
6969
6983
6989
6997
6998
7002
6981
6995
6997
7005
7023
7026
7036
7041
7043
7052
7067
7068
7069
7079
7088
7098
7111
7109
7119
7120
7121
7129
7130
7142
7144
7141
7145
7150
7151
7173
7179
7180
7182
7191
7205
7207
7209
7218
7229
7239
7241
7243
7271
7265
7267
7269
7272
7274
7276
7305
7306
7307
7308
7311
7313
7316
7318
7320
7322
7340
7343
7344
7354
7360
7367
7370
7371
7372
7389
7391
7392
7399
7418
7400
7403
7404
7405
7406
7411
7395
7402
7417
7419
7420
7424
7426
7427
7414
7412
7413
7417
7420
7421
7422
7449
7454
7459
7462
7464
7463
7464
7466
7481
7486
7485
7487
7488
7489
7494
7509
7526
7529
7530
7531
7538
7541
7547
7550
7554
7561
7562
7563
7564
7566
7574
7576
7577
7578
7581
7609
7623
7626
7627
7630
7631
7653
7654
7657
7658
7659
7662
7664
7674
7675
7677
7676
7694
7696
7711
7734
7735
7742
7746
7749
7753
7759
7760
7767
7781
7805
7807
7808
7826
7843
7844
7845
7853
7870
7871
7872
7875
7876
7887
7895
7896
7913
7914
7916
7929
7933
7935
7928
7929
7930
7933
7949
7976
7977
7978
7998
7999
8002
8010
8011
8012
8015
8016
8023
8028
8029
8031
8035
8036
8037
8056
8057
8062
8067
8081
8082
8096
8099
8116
8121
8125
8126
8128
8129
8132
8119
8129
8151
8181
8161
8163
8184
8186
8191
8192
8197
8186
8184
8194
8216
8219
8220
8221
8223
8239
8240
8241
8246
8273
8274
8283
8284
8285
8293
8294
8300
8303
8305
8336
8340
8344
8347
8348
8349
8356
8363
8361
8362
8364
8365
8383
8389
8390
8405
8406
8404
8410
8411
8412
8413
8414
8419
8422
8425
8428
8448
8449
8453
8464
8466
8468
8469
8470
8478
8483
8477
8488
8489
8493
8510
8520
8533
8545
8547
8562
8560
8555
8557
8558
8559
8581
8577
8578
8579
8582
8590
8591
8569
8570
8569
8570
8573
8578
8561
8558
8563
8564
8575
8580
8582
8593
8596
8585
8588
8598
8612
8613
8622
8629
8639
8640
8647
8655
8656
8657
8671
8672
8683
8690
8691
8694
8693
8698
8706
8713
8714
8716
8718
8736
8733
8741
8731
8736
8737
8738
8746
8747
8746
8749
8761
8762
8780
8784
8785
8791
8793
8797
8807
8818
8836
8837
8838
8845
8846
8849
8857
8858
8877
8876
8875
8883
8887
8888
8892
8895
8901
8915
8916
8915
8921
8929
8935
8944
8981
8985
8990
8991
9001
8995
8998
9001
9002
9003
9026
9036
9047
9070
9080
9083
9089
9098
9118
9135
9123
9127
9131
9117
9123
9124
9131
9136
9139
9141
9144
9149
9156
9157
9160
9163
9168
9170
9177
9179
9199
9200
9211
9212
9222
9224
9211
9224
9246
9252
9277
9294
9301
9302
9310
9311
9313
9316
9319
9320
9321
9322
9323
9324
9337
9340
9357
9378
9379
9381
9397
9398
9399
9400
9405
9407
9421
9437
9438
9442
9440
9453
9458
9459
9463
9464
9465
9464
9465
9468
9478
9496
9498
9499
9504
9509
9525
9522
9523
9527
9531
9533
9537
9533
9546
9547
9570
9576
9577
9586
9604
9607
9618
9621
9643
9657
9665
9666
9667
9668
9678
9679
9680
9684
9694
9697
9694
9700
9705
9706
9708
9728
9729
9730
9732
9737
9744
9745
9758
9774
9776
9774
9771
9776
9777
9779
9780
9781
9799
9802
9803
9806
9824
9825
9828
9837
9829
9833
9836
9837
9832
9834
9835
9840
9848
9874
9890
9917
9922
9926
9928
9929
9937
9940
9947
9950
9949
9951
9952
9963
9962
9963
9997
10011
10017
10038
10039
10040
10086
10087
10088
10089
10091
10092
10103
10104
10113
10115
10132
10146
10148
10154
10158
10166
10168
10166
10167
10176
10191
10185
10191
10196
10206
10210
10212
10213
10216
10238
10254
10258
10260
10261
10267
10291
10305
10308
10313
10315
10326
10331
10339
10346
10348
10358
10381
10385
10386
10392
10393
10394
10397
10408
10431
10433
10437
10438
10443
10447
10449
10452
10454
10456
10460
10461
10462
10463
10462
10463
10480
10481
10489
10488
10491
10493
10517
10519
10537
10550
10560
10573
10588
10591
10597
10605
10609
10610
10615
10618
10620
10619
10625
10640
10642
10645
10651
10660
10659
10673
10691
10709
10711
10732
10739
10743
10751
10755
10757
10758
10761
10777
10779
10776
10783
10789
10803
10806
10825
10838
10851
10852
10853
10854
10865
10866
10876
10877
10885
10887
10899
10898
10897
10902
10907
10909
10913
10924
10950
10947
10949
10954
10965
10983
d2:
forward 7
down 2
forward 7
down 6
forward 1
forward 7
down 3
up 5
forward 7
forward 6
down 8
down 1
up 5
up 1
down 2
forward 8
forward 3
down 8
down 9
down 1
forward 4
down 8
down 7
forward 3
up 5
up 3
forward 9
forward 5
forward 5
down 9
up 2
down 4
up 4
down 9
forward 7
down 9
up 7
forward 4
down 2
down 6
up 3
down 2
down 4
up 5
forward 7
up 8
down 4
forward 8
down 5
forward 1
forward 3
up 9
forward 5
down 4
forward 6
forward 2
up 3
down 5
down 6
forward 8
up 6
up 9
down 8
down 2
down 6
forward 2
forward 8
forward 1
forward 5
forward 3
down 8
down 5
forward 3
up 7
down 9
up 9
forward 7
forward 6
forward 4
down 5
forward 1
down 9
forward 9
forward 6
down 8
down 5
forward 5
forward 4
forward 3
up 6
up 7
forward 2
up 2
up 9
forward 8
up 3
forward 8
down 8
forward 1
forward 7
forward 4
down 5
forward 8
down 2
down 2
down 3
forward 3
forward 3
up 3
forward 4
up 9
up 8
forward 1
down 8
up 6
down 5
up 3
up 2
forward 1
up 8
down 7
up 5
down 2
forward 5
down 3
down 1
forward 2
forward 6
forward 7
forward 1
forward 5
forward 4
down 9
forward 6
down 9
up 8
forward 9
forward 5
up 2
up 7
up 2
down 1
down 7
down 1
forward 2
down 8
down 3
forward 1
down 5
forward 7
forward 5
forward 6
up 6
forward 6
forward 1
down 2
forward 5
down 7
up 1
down 5
down 4
down 8
up 2
down 2
up 6
forward 2
down 2
up 9
down 7
down 3
down 6
forward 5
up 5
forward 2
forward 7
down 9
up 3
forward 4
forward 4
down 6
down 2
down 4
forward 6
down 2
down 8
up 2
forward 9
down 8
forward 4
down 2
up 4
down 6
forward 3
forward 2
forward 7
down 7
forward 3
forward 7
down 9
up 6
down 4
forward 4
down 6
down 8
down 4
forward 3
up 5
up 4
up 9
forward 9
down 1
forward 3
forward 9
up 3
down 5
forward 2
down 9
down 9
forward 1
forward 4
forward 8
forward 9
down 4
forward 3
down 3
forward 9
down 1
down 3
down 9
down 3
down 2
down 1
up 2
down 3
up 7
forward 7
down 9
up 6
down 1
down 7
down 7
up 7
forward 8
down 1
down 7
down 8
up 4
down 6
down 7
forward 5
down 9
forward 2
down 6
down 8
down 5
down 4
forward 8
down 4
forward 8
down 3
down 6
forward 6
forward 1
up 5
down 2
down 2
forward 7
forward 1
up 3
down 6
down 3
down 9
up 6
forward 4
down 1
forward 4
up 3
forward 6
down 7
down 2
up 3
down 1
up 7
down 7
forward 5
up 9
up 1
up 2
forward 4
forward 9
up 3
down 8
up 2
down 9
forward 8
up 2
down 5
up 5
down 2
up 8
down 6
down 8
up 7
forward 9
forward 6
forward 5
forward 8
forward 7
down 2
forward 1
forward 6
down 3
down 7
up 1
forward 7
up 7
down 2
down 9
up 4
forward 2
down 3
up 8
up 3
down 9
down 2
forward 4
forward 9
forward 8
forward 2
up 2
forward 3
forward 8
down 2
down 4
up 8
up 2
forward 4
forward 7
up 8
forward 8
forward 1
forward 9
down 9
up 3
forward 9
down 5
down 9
down 2
forward 1
forward 6
forward 3
up 7
down 8
down 2
up 6
down 5
forward 4
up 7
down 5
down 3
forward 5
forward 5
up 4
down 7
down 5
up 1
down 4
down 6
forward 6
forward 3
down 9
forward 6
forward 4
down 8
up 5
down 7
forward 6
forward 7
down 9
forward 3
forward 3
forward 4
down 6
forward 2
forward 9
up 2
forward 7
up 5
forward 6
down 8
down 7
forward 1
down 6
forward 3
down 9
forward 7
forward 2
forward 1
down 9
down 2
up 8
down 1
down 3
up 6
down 5
up 2
down 2
down 8
forward 7
down 8
forward 6
up 5
down 8
down 4
down 1
forward 1
forward 9
down 3
forward 9
up 2
down 2
forward 9
up 2
up 2
down 8
down 1
up 4
down 9
down 6
up 7
down 6
forward 7
forward 3
forward 9
forward 2
down 9
down 8
down 5
forward 4
forward 1
forward 3
forward 3
forward 1
forward 6
forward 7
down 7
down 1
up 4
up 2
forward 9
up 7
down 1
forward 5
down 8
forward 3
down 9
up 4
up 1
forward 7
down 1
forward 4
up 6
down 9
forward 2
forward 7
down 1
forward 2
forward 1
down 2
forward 6
down 4
up 7
down 6
forward 1
down 9
up 8
up 6
forward 4
down 5
up 8
down 5
up 9
forward 1
forward 6
down 4
up 5
forward 4
forward 2
down 6
forward 9
down 7
down 2
forward 1
up 2
forward 4
forward 4
forward 7
down 5
up 1
down 7
down 1
forward 3
forward 6
forward 7
down 5
down 4
down 2
down 3
up 3
forward 7
down 3
up 2
forward 7
down 9
up 4
forward 9
forward 4
forward 2
down 9
forward 1
down 5
forward 3
forward 5
up 7
down 9
up 7
down 5
down 2
up 5
up 1
forward 8
forward 3
up 5
forward 2
down 2
forward 5
forward 3
forward 4
up 4
forward 3
up 4
forward 1
down 2
forward 5
down 9
forward 8
forward 2
forward 5
forward 1
up 3
up 8
forward 2
forward 9
down 7
up 5
up 2
forward 1
forward 4
up 4
forward 5
down 5
forward 5
down 2
down 8
forward 4
down 3
forward 7
down 7
forward 6
down 9
down 2
up 4
up 5
down 2
down 7
forward 3
down 1
down 5
down 6
forward 8
forward 7
down 3
forward 4
forward 8
forward 2
down 8
down 3
forward 8
down 2
up 2
forward 3
up 2
down 7
down 4
forward 8
forward 7
down 9
forward 7
down 8
up 3
forward 1
up 5
forward 6
down 7
forward 8
forward 3
forward 1
forward 5
down 8
up 8
forward 9
down 7
up 8
up 8
forward 9
up 6
forward 2
down 8
forward 6
down 6
down 6
forward 8
up 9
forward 9
down 8
down 8
forward 3
forward 3
down 8
up 7
down 1
forward 5
up 6
forward 6
up 8
down 7
down 3
down 4
forward 7
down 2
forward 4
forward 6
down 2
down 6
up 2
down 9
down 8
forward 6
up 8
up 4
forward 1
forward 2
down 8
forward 6
down 2
down 7
down 1
down 2
forward 9
forward 5
down 2
down 8
down 9
up 6
forward 6
up 2
down 9
down 4
down 9
up 7
forward 2
up 9
down 7
forward 2
down 7
up 6
down 3
up 1
down 8
down 4
forward 1
up 5
up 4
down 2
down 8
forward 8
forward 7
up 1
down 8
forward 2
forward 7
down 4
forward 4
down 3
down 7
forward 8
down 7
down 3
down 3
forward 8
forward 8
up 1
forward 8
forward 6
down 9
up 1
down 7
down 7
forward 7
forward 7
up 5
down 7
down 6
down 6
forward 8
down 3
forward 8
down 8
forward 7
forward 2
up 6
down 6
down 8
forward 1
forward 8
down 9
down 7
up 5
down 1
forward 6
down 9
forward 5
up 2
up 9
down 6
down 8
down 6
up 1
forward 7
down 9
up 2
forward 3
down 7
up 5
forward 3
forward 8
up 2
forward 1
down 6
down 7
up 4
down 5
up 8
forward 9
forward 5
up 7
down 3
forward 2
up 7
up 2
down 3
up 9
down 9
down 8
up 8
down 6
forward 9
up 7
forward 4
forward 7
up 7
down 6
forward 5
up 2
up 4
down 1
down 2
down 9
forward 5
forward 3
forward 9
up 7
forward 7
down 5
down 2
up 9
forward 4
forward 4
up 5
up 3
forward 5
forward 9
forward 4
forward 8
down 2
up 4
down 1
forward 9
forward 9
up 7
down 3
forward 2
forward 4
down 6
up 1
forward 6
down 4
up 9
down 4
forward 3
down 9
up 9
down 8
up 6
forward 9
forward 1
forward 2
up 2
forward 8
forward 9
forward 3
forward 5
down 5
down 7
forward 7
forward 5
down 3
up 2
forward 4
down 3
up 6
down 6
up 6
forward 1
forward 2
down 5
down 8
down 3
forward 5
up 4
forward 6
forward 9
forward 6
forward 1
forward 4
up 1
forward 3
forward 3
up 3
forward 9
forward 1
forward 7
forward 8
forward 1
forward 9
forward 7
up 9
forward 9
up 4
down 4
up 9
down 5
down 8
down 3
forward 6
down 7
forward 5
forward 6
forward 8
forward 7
down 7
down 5
forward 4
down 6
down 4
down 6
down 1
forward 3
down 3
down 7
forward 6
forward 3
up 2
forward 1
forward 8
down 9
down 3
down 3
up 6
down 7
down 3
forward 2
down 7
down 2
forward 1
down 7
down 3
forward 9
down 4
down 3
forward 9
up 2
up 4
forward 4
down 4
up 2
down 2
forward 8
down 1
up 9
down 5
down 7
forward 3
forward 9
forward 7
forward 1
forward 7
forward 1
forward 7
up 7
down 6
forward 6
forward 4
forward 6
up 3
down 5
down 5
down 3
down 6
down 3
down 3
up 2
down 4
up 8
down 4
up 2
down 7
forward 9
up 9
down 1
forward 8
forward 7
forward 6
forward 8
up 6
up 6
down 5
forward 6
down 3
forward 6
forward 9
down 2
down 6
down 4
down 5
forward 7
forward 4
up 3
down 6
down 6
forward 1
forward 4
down 6
up 3
forward 1
down 3
down 7
down 4
down 8
down 8
up 8
down 2
up 8
down 3
down 3
forward 3
down 3
down 7
up 6
forward 8
down 4
forward 1
down 7
down 3
forward 5
forward 8
up 1
forward 2
down 7
down 7
forward 1
up 7
down 3
up 3
forward 5
forward 9
down 3
down 7
down 5
forward 7
d3:
000100011010
110011110110
011000101111
001101100101
011100001000
101101011011
101111010101
011010000101
010101000010
100001111000
111011111100
100001001100
100000001011
110111110010
001110010110
001000001000
001000000110
101101101010
111000111101
011010111101
000101100111
000101000001
101101101011
001110010010
101001100001
110010100111
010111100111
001011010001
000010011010
000010010001
001101100001
100000001101
001011010111
110000010101
010001001101
100101011001
101101111001
000110001111
111011110010
011011111011
001111111011
110001010111
010101101011
110101101000
011010111100
101000110110
001011110011
011011101001
000111010010
010111010110
111000100001
101110000001
110011111101
101000011101
000100010100
011010100011
010101011100
111010001011
100110001110
111101101001
011000010100
110101011010
011010111111
010010000100
111011000000
001011110100
100110000111
000110111111
101100111110
010010001011
010001010110
010010001010
101111101100
110001100001
101100000010
110110010000
111000000001
100110111111
011111100111
100111001100
111001011001
101001110001
110110011100
000000110100
100101100000
110010111001
000100001111
011000101000
110011010010
011011010000
001010011011
111010011000
101000111101
001000011000
010100100000
101101111011
010000001001
100010010101
101010111010
001111000111
100110011000
100001101011
111101111011
010100010111
011100011110
010001000000
001111000000
001110101101
101101001011
101101001111
101111000111
101001001000
010100001011
110110100101
110001000000
011110010110
001011111011
100001011100
000000010001
000101111001
010110010111
010000111001
011011000101
111101100101
010111101001
010110000010
011001111101
101000000100
011000000010
001111000101
001000110001
011010010110
101001011000
011010111010
010101001001
111000101110
100100101100
010011001001
001010111001
110101100000
111111101010
001001011110
111111100000
001101010110
101011011000
001111001001
010000100001
100100110001
110001011001
110011010111
000111011001
011001001011
111011000101
000000110000
000110101001
001010100100
100101100101
010101011001
001000101010
100100000000
110101110001
101000111100
110000001010
111010100010
101010111110
101110010001
000010001100
000000100011
101010000011
011101000000
100110010101
000010001001
010111111111
110100011011
000011111011
000010000101
110001110010
011011001111
111001111001
011110100100
000011010000
001001010001
000011011001
000000001111
111100001100
111100100101
110110001110
000101001110
010011011000
110010000101
101110111101
001111111001
101001000101
100011111001
100111000110
000001001111
110110011000
010010000010
010101011111
100001010010
100111100011
000101111100
100000011110
010110101000
001110110000
000110111110
110000000011
111110000010
111000001000
001111011011
010100000100
010101100110
000111000001
000010111000
111010110011
000010101100
011101000101
011001000110
100010010111
110001010011
101011111010
000000111001
101100101010
011110001000
011110111010
001000101001
100100100001
111101010100
100100101000
011010101101
111011111011
110000101110
000101011010
010111000011
010011011100
001101110011
111101110000
000110010000
101000000110
001110100001
010111010011
000010010000
001000110110
111100000000
011111111000
111000100010
001111101101
011100101111
110001111010
011011111110
000111010110
000101100000
001010111101
110100100101
001101111000
101000010011
010110001011
110101100111
001000010110
000100111010
111010000000
011010110010
111111010010
110010001110
110111101010
101110111000
101100011001
000001010011
101011111100
001111101001
110010011010
010110010101
000010000010
101111101101
001000100001
001010010110
111011010010
111010111000
001111010100
001101110111
010010011011
010010010001
111100011101
111110110110
001000110101
011001011100
001000001101
110110000010
111111101011
000100000110
101000010111
001001000101
100001011101
101110000110
010111001110
000100101010
100010111001
111010100110
001001100100
110100110100
100101101111
011010111110
000100111000
110001011000
111101110011
100001010000
110101111110
011011011011
010111110100
101000110111
100101011101
110110010001
001000000011
111111101100
100111100101
111100001001
000000000110
110010101100
001111100011
001101100000
011000111100
110110001000
000110101011
011010100000
001100100010
101100111011
100001010001
100101101001
001100011011
110011001110
110010101111
010001100010
110010000100
110010000000
111000111001
011100000101
000110000110
111100100010
011011010100
011000001101
100100000110
101100111010
011011100001
111111001101
100010100100
010000010101
101111001000
011100010101
010110011100
110101010011
110101000100
000010000110
110101111010
100011111101
111000000100
101111100010
011110010000
111000111000
000000111011
100010110101
000001101011
001000000010
001101101010
111011101000
010011101001
110001110111
111010001001
110001001110
011101011011
010110010110
110110111100
000110100101
110000010111
100101000011
000000010101
111110110011
000001011011
111011110111
001100001110
000000011010
000100101001
101001101000
100011101110
101111001001
000100110000
000100011011
001111000010
010010010100
010111011111
100100000100
111101111000
110100010100
011110111000
001010001111
111110011111
101111100111
010101000110
010011111101
011111101001
000000101111
111100111011
001010011000
011101100010
011010010000
111001000000
000100000100
010000100000
111001101011
110001000001
110100001011
011010110001
001001110111
010000101011
000011110101
111100000101
011100110010
010111100101
010101010101
110000100111
010111100100
001101101101
101100001011
000101010000
110100111000
110101101110
111000001101
010001111111
111101000011
001000111000
100000000110
001010101010
111011001101
000110110111
110111110001
111010110100
011001000000
000100000101
011110100110
100011010111
010000101010
000111001100
000011001001
011010100010
110110100100
000111010011
111110010111
000101010010
011101000011
011101010110
100000110101
000100101101
101100001101
100101001010
100000100000
111011000011
001100100110
001001010010
010110001000
111110100100
000001111111
010101111001
110111000001
111110011001
100101100110
001100100100
001001101110
000011001010
001011111110
101010111011
011110100010
100111000100
100000100111
100011010010
011001010010
101111110010
100011111111
111010001100
011010000000
110100011111
100001100110
000001110110
000001101001
010010010010
011011000100
010100100001
100010000100
001001000001
111001001101
100101110011
101000100000
100010110011
110010100001
111111110010
010010110001
111011000010
010010010110
011001101011
011110110101
010000111111
010010011101
101100100101
001001001101
111000010000
000100011001
111111011100
010101110101
100110010111
100111010010
010111000000
000000001001
110011110000
001000011101
111000110001
000110011011
011101111010
101111111011
001011000100
001101100100
111101000001
001100101101
010111111011
100110111001
000011010100
010110100110
000010110001
101110111010
110000011110
010010101010
001100010110
011011111101
001110110110
000001110100
101000100101
110001100100
100000011001
011110011001
100010110010
100110111011
100011111010
011011011001
011000011000
010110111100
111000110100
001100001100
110001111001
110011011100
011100110000
001110011010
010011000111
010010101110
011000101101
111000111111
111001111101
101001011001
000111101010
001110111110
101100010110
011001001101
110100101000
010010001111
101011010001
001101011010
011111110000
000100111111
111101000010
100000010111
001100000011
101010011111
111011100110
100011011101
110101010101
011101010000
100010111100
100001000011
001011110110
111010111010
011010101000
110100000000
111001000111
010101110010
111000100000
100011001001
000010100010
010011111000
000101101110
100011110011
011001111011
000001111000
011111000110
100111000111
111110011010
101111001010
111100110011
011101100011
100000010101
101010010101
100111111000
101101101111
101100101000
110000111010
100110000010
000011000111
111100000001
101110111100
010001011011
100101111100
101111101010
111000010001
011010110110
100111011110
011111001001
011001111001
011010010011
100011010011
001011011011
111010010110
101001000000
100101101110
110001101010
010000000101
011110010010
000001101111
101110011100
101001001011
101111011010
101001010110
110001101111
110110010111
010111110111
001100101011
001111100000
011010001110
100011111100
001001111101
100101010100
011101110011
110111100001
001000100100
011001000011
101010011101
001100100000
011001010100
111111111010
010111111101
001010001100
111111111000
010101111100
000111001101
110101000000
010010011000
010001010100
010001110000
011110110000
000011111101
101101110001
101101001010
110000000000
100100111101
111110111001
010000111000
110100001100
011111110110
001100001010
100011101010
001001100101
101011001101
101101100100
010111010001
001000001110
110111110101
101110101011
100110000101
110011000111
100110011110
100100110100
101111011001
011001110010
101000010110
000101010011
100111001110
111000011111
110011100011
000100001011
011100100010
000001010010
010110001001
101111011110
010011100110
111001000011
100011001010
100101011110
010110111111
000001100101
110111111101
011110011010
111111010110
011110111110
100000000111
101000111110
000001011111
111000100110
100101000000
001000100010
111010001111
111011101010
101110100101
000010110011
100100110011
110001100101
000101010110
100100100110
100110111100
001011010100
011101011001
010110101011
000010101010
100100010001
110001100111
101101101000
101110100000
111100110000
000111100110
110001000011
000111000110
100011100110
111011011101
101100000000
001011110000
101010101110
001110110010
110010111101
111011001100
011100001001
001101111100
111110111011
000011100001
011001011010
111101101101
111010001000
010000000001
001000010001
101110011001
111000000000
010011110100
011111011001
010011100010
100010011010
010100001110
110111100101
000111111100
000001011010
010100111100
100000001000
101100111001
001100010001
001000001111
001011010010
100110000000
101010010010
111101100001
010001000011
111111000010
111111101001
001110100010
101000101000
101001000100
111100101101
010100110111
000010010101
110010110101
001101111010
001000011110
101000010001
001100001011
001100000100
000110100011
001100001101
111111001001
100011100010
000101011011
000001010101
110110101001
001100010000
101111000000
100001010100
101101010010
110110111010
011011001010
100100011011
101111110101
001101110100
111100110100
000011011101
100100100100
001111011100
001011110010
000000011000
100011100000
111011011111
000101101000
100010010011
000011110001
000111101111
010111001011
110011101111
100001001111
111101001110
011001011110
010010111010
101011101100
010101000011
001111100001
110000011010
110011100100
000011001100
000100010101
011111101000
000001101010
001001010011
001000011001
001110011111
011101111100
011000100100
010011001101
111111010000
010010100000
010011110010
011100111110
100001110011
100000000011
101011111011
100000110110
111010011101
101111110000
110000001001
000111000011
100001001101
100110001001
000100011000
001111000001
011110100001
111111111101
010000100101
101011110101
100101100010
010001101101
011011110000
011011000010
101101111000
110010111110
110001011110
010001110011
100100100000
101010010001
100000111111
111110011011
001000100101
000111100010
110111011101
101011011010
000000000001
110010011001
001010011001
100111010101
001110110111
110110000110
101011111101
100101001110
011110010111
110111010110
011011000111
011100011000
101100011010
101111110011
011110101100
100001101100
011010110100
111100011110
011110011101
100010110110
010000111100
001101010100
000101110011
101101100010
110011110111
010001001100
100111010001
000000000111
010101111110
000101101111
000011101111
000001110011
000101000010
110101011111
001001011010
100101000010
110100011101
001001010000
101011100000
111010110010
010001100000
100100111100
110000000101
101101001001
111010001101
011011010111
101110110001
001110010011
011111001000
011111010011
001110000010
110110111111
011011001011
110110001101
101010110101
100111110100
100000111001
011001111111
110010011111
110110100110
001111111100
001110011000
100010111000
000010101000
000110101111
011100111100
010001101111
100011100011
100100111110
010100011101
101100101101
001111101000
111110101001
110100000010
001010101111
011001110001
010110111000
001100011100
011010010111
010010001100
110101010111
111000001111
111100000100
011010101111
110101111100
111101011111
000110000111
011110110010
111110010010
001011100111
110010000001
111111110100
101001011010
000100011110
011100100111
110000001100
001010001010
110011100001
110001011011
110010010100
101011100100
110111101110
011100100100
011100100011
100111011000
010100000011
001111100111
000110000100
101100100001
111101110010
101110101100
010001100011
110101010001
111101101110
000111100111
000011110110
011010000001
111110100110
000100011100
011111100001
101111110110
100111000010
000110100001
011001101010
110110110011
110000111110
001100101010
100101001101
001001101100
100101011111
101111001011
111101000000
010110010100
011111001110
011111111111
101100001110
101011100110
111001100001
111101011101
001100111110
d4:
37,60,87,13,34,72,45,49,61,27,97,88,50,30,76,40,63,9,38,67,82,6,59,90,99,54,11,66,98,23,64,14,18,4,10,89,46,32,19,5,1,53,25,96,2,12,86,58,41,68,95,8,7,3,85,70,35,55,77,44,36,51,15,52,56,57,91,16,71,92,84,17,33,29,47,75,80,39,83,74,73,65,78,69,21,42,31,93,22,62,24,48,81,0,26,43,20,28,94,79

66 78  7 45 92
39 38 62 81 77
 9 73 25 97 99
87 80 19  1 71
85 35 52 26 68

47 38 84 53 16
66  3 63 92 94
71 41 59  1 87
17 67 62 73 33
69 12 26 82 55

89 94 65 57  6
27 77 60 19 83
72 58  0 29 91
33 75 50 64 87
24 88 32 93 38

35 82  7 49 43
58  8 56 54  6
74 53 98 59 84
 4 40 11 67 14
89  1 44 51 45

44 51 57 75 19
33 54 24 96  1
30  0 45 47 38
58 78 17 74 14
91 60 32 67 10

72 91 61 45 49
68 67 31 69 96
92 52  9 34 36
16 77 62 55 41
42 88 53  4 15

68 98 73 81 41
36 43 87 48 95
55 62  8 12 30
23 34 59 72 85
38  7 16 13 79

66 98 23 69 89
71 84 79 14 53
10 62 60 44 28
49 43 29 45 75
72 94  5 64  3

27 99 41 10 91
 2 94 16 85 75
25 95 15 34 36
90 72 76 20 29
55 18 93 53 69

84 87 16 80 64
48 45 63 53 25
10 44 65 58 59
94 31 41 35 89
42 29 71 69 61

63 44 74 33  3
65 47 90 52 38
 9 13 91  4 45
26 39 94 68 93
56 31 41 59 32

17  6 85 74 19
58 93  9 92 31
90 69  2 87 11
67 94 53 66 30
15 41 59 51 45

 7 59 76 14 15
51  3 88 17  2
42 39 98 84 65
54 48  9 56 74
68  5  1 24 13

55 34 94 50 28
 8 14 93 64 52
92 62  9 51 38
31 74 73 24 59
33 65  7 75 32

30 93 48 17 33
67  7  5  0 69
54 76 52  1 87
99 73 50 25 16
13 20 41 77 62

54  0 33 23 75
50  4 29 18 94
14  8 38 48 53
84 13 12 91 83
69 78 55 47 26

30 65 70 51  1
22 53 86 46 89
99 79 20 24 64
18 92 82  0 68
57 33 61 12 83

22 47 21 38 57
41 63 61 95 79
 7 52 87 71 14
40 45 92 73 48
42  0 26 94  5

90 98 47 85 52
19 44 48 59 88
93 81  7 16 63
 1 45 84 11 24
78 27 62 77 37

34  2  6  3 56
48 47 12 58 76
89 78 30 75 20
91 39 97 69 28
96 64 32 61 67

62 25 53 56 97
42 34 24 64 95
17 35  7 79 68
30 74 54 78  3
88 66 18 38 90

63 45 80 89 76
39 57 71 25 79
 6  3 28 94 34
82 18 95 42 33
96 36 27 83 66

20 87 59 86 21
14 61  7 23 56
 5 33 91  0  1
97 65 82 95 72
18 26 35 47 69

86 65 41 97 40
 2 73 68 34  3
88 71 79 70 95
48 62  1 50 77
13 67 20 15 55

98 16 93 30 24
39 11 56 13  3
14 83 76 58 60
73 81 63 88 92
74 96 51 43 77

 4 12 43 46 53
34 37 50 60 56
96 98 10 65 38
40 24 80 77 73
23 67 84 64 13

 5 19 85  1 58
41 15 44 57 22
 2 66 80 94 71
40 55 89 79  0
56 81 23 30 24

 0 29 94  4 68
81  2 20 95 43
49 40 37 30 96
19 23 42 26 85
61 17 12 72 88

64 26 61 32 68
80 24 31 67 49
72 15 88 98 50
73 55 86 38 10
87 34 52 29 63

76 61 36 54 10
63 56 75 67 29
11  9 41  4 43
83 88 45 93 74
72 70 94 60 98

44 99 39  5 23
53 69 68 60 83
81 72  1 97 20
43 96 91 11 32
51  7  8 86 25

62 36 39 20  5
52 59  6 74 95
 2 83 44 43 66
96 55 79 42 37
34 32 19  0 90

84  8 65 35 78
57 83  4 82 36
 3 29 74 60 90
86 47 53 26 10
52 51 40 32  6

69 32 77 72 44
34 54 82 94 23
 1 60  2 11 36
17 52  0 73 31
 5 90 24 21 53

42 24 18 44  5
74 19 76 62 34
61 66  4 77 47
92 94 78 39 97
25 91 11 22 23

11 87 83 93  8
 7 73 85 84  3
65 16 71 12 44
88 61 54 19 97
72 57 80 59 45

30 55  1 62 39
31 45 34  6 43
68 93 38 57 60
70 32  5 95 92
35 83 66 36 91

76 89 54 36 21
99 28 62 78 73
17 72 96 13 91
79 65 37 81 14
33 86 31 11 25

 3 93 37 88 47
 4  6 19 87 30
76 22 33 69 64
36 52 60 82 53
39  5 61 67 90

28  6 59 61 75
40  4 65 43 93
41 32 60 89 18
22 11 12  9  0
26 15 78 90 30

 8 87 74 70 76
45 43 63 84 25
18 68 92  4 31
66 22 29 71 91
15 50 64 52  1

 3 93 25 71 43
45 48 52  4 94
36 34 47 74 97
12 27 64 14 80
41 17 21 32 88

76 62 68 24  0
97 43 37  3 79
65 25 52 28 20
29 18 90 89 48
35 66 19 53 82

57 98 86 69 24
55 74 49 12 35
68 50 70 38 75
82 56 73  5 89
90 10 15 14 95

98 86 47 87 81
62 51  3 79 10
60 39 61  9 77
36 50 89 49 88
63 95  1 15 69

72 71 51 33 23
12 35 97 34 99
 4 32 36 88 80
 5 17  3 56  1
44 19 47 98 26

55 56 75  5 74
 4 86 60 67 68
21 45 40 17  2
43 39 20 88 33
24 70 58 13 98

34 28 86 65 80
82 23 98 91  0
61 62 43 51 49
39 10 58  1 11
 8 83 17 97 31

 7 96  2 18 26
15 86 34 76 61
75 93 68  3 83
63 37 85  8 74
11 51 32 14 23

25 33 24 86 75
63 73 97 37 47
76 72 34 81 27
93 91 70 20 98
11 94 64 28  6

70 86 59 78 95
47 18 64 40 68
49 55 20 12 53
60 76 35 83 50
32 73 91 46 28

31 21 92 97 89
14 82 51  1 62
43 58 90 18 24
56 79 54 35 48
29 39 45 86 66

62 74 81 27 23
28 92 66 86 29
98 95 14 35 11
13 69 70 64 79
51 80 87 96 85

69 15 37 95 29
 6 45 20 17 36
62 42  1 77 59
25 44 72 35 31
70 73 86 89 97

81 88 82 99 13
53 87  2 29 47
36 94 48 95 65
96 42 92 61 60
86 33 83 52 12

32  4 52 54 24
28 77 58 80 16
62 82 59  6 66
63 72 91 41 29
36 22 68  0 31

38 58 51 77 26
80  5 90 30 20
33 14 54 53  0
76 74 63 84 15
45 73 41 29 69

28 31 47 97 58
69  7 86 40 57
45  1 11 84 54
29  9 95 93 88
12  5 79 76 77

93  7 60 75 12
49 64 20 46 10
 3 23 76 42 47
 9 22  6 34 87
41 37 66 45 48

 9 53 64 37 83
89 43 91 30 36
39 22 69 79 42
31 28 55 40 54
 7 24 44 84 46

81 75 15 89 31
11 13 12  5 10
94 80 22 68  3
27 60 42 65 58
40 82 17 92 73

16 40 98 33 41
79 72  2 77 86
14 32 85 74 50
11 49 62 56  9
69 20 12 19 60

95 72 61 54 92
10  0  1 84 99
88 62 13 18 86
89 59 60 29 78
55 98 27 91 87

58 37 49 43 76
14  3 65 13  2
92 20  6 73  5
96 53 82 95 99
15 83 80 26 11

51 71 56 58 95
59 84 46 54 94
 8  7 49 62 83
47 92 32 31 65
48 44 57 25 20

 5  3 26 90 14
61 16 44  4  0
49  1 52 82 54
60 77 86 43 87
 6 36 73 25 31

32 25 37 18 63
60 65 35 24 34
52 94 12 77 47
99 83  2 30 74
58 38 17 75 56

77 88 70 22 39
 4 14 86 99 50
 5 79  2 78 16
34 46 83 58 13
71 74 21 76 66

25 15 99 79 68
59 95 82 22 53
 0 70 85 73 67
36 10 66  6 32
 1 51 52 40  4

29 49 64 26 18
56 28  9  7 99
20  2 74 71 39
81 94 55 75 16
52 45 35 66 11

42 68 76 37 34
 0 41 86 19 59
 7 46 49 30 88
74 80 24 50 29
96 78 67 61 26

45 96 11 99 44
87 95 32 77 64
 8 31 80  4 34
24 91 90 16 60
13 29 63 67 59

15 55  0 52 54
58 45 62 66 85
91 19 32 16 92
93 59  8 22  2
98 33 31 17 84

28 49 63 81 69
30 45 46 90 26
 4 76 94 93 24
15 16 18 86 62
 2 98 89 44 67

32 35 11  1 38
86 36 70 24 95
59 94 71 99 40
48 64 91 25 57
29 76 68 88 58

45 81 50 20 68
85 91 49 38  9
27  0 58  8 10
59  1 88 19 89
23 29 61 99 12

74 50 41 83  4
33 34 88 23 14
89 39 98 75 37
26 73 80 71 44
52 53 48 84 85

47 35 98 73  9
61  4 71 91 58
65 40 63 36 86
12 30 69 46  2
 6 17 23 32 74

84 87 59 58 65
30 53  7 98 48
71 28  1 77 56
36 88 52 64 89
90 37 94 26 39

25 75 32 48  6
49  7 74 50 62
68 51 72 12 10
94 37 97 69 91
73  9 67 18  1

51 96 71 44  0
97 52  1 77 11
90  9 15 76 24
68  6 57 40 98
47 31 94 82 49

48 31 26 77 14
94 93 27  2 82
11 83 85  9  8
90 69  4 16 22
 5 62 29 57 30

59 46 82 13 53
71 58 67  2 28
73 52 30 97 12
95 34 51 32 38
62 81  5 15 74

82 10 58 84 67
92  5 66 25 83
90 76 21 26 69
39 63 42 11 53
23 61 80 99 48

 8 13 49 63 83
26 48 50 53 43
 1 39 95 60 99
96  7 35 94 10
24 44 65 31 46

87 17 72 71 81
35 56  4 99 59
96 90 37 23 86
34 73 18 19 78
41 10 43 92 80

29  7 37 40 70
72 10 85 74 76
36  9 13 73 82
 4 65 49 77 42
75 24 84 78 39

29  6 94 59 38
99 55  8 66 85
14 43 25 92 67
49 33 87 39 44
 9 61 24 90 75

45 35 78 56 24
53 38 34 92 55
20 44 90 33 83
54 95 71 87 13
40 43 85 88 68

32 80 59 34 22
18  9 12 15 55
85 60 37 64 92
35 39 26 90 50
52 67 58 87  8

90 96 40 14 61
34 33 80 22 38
59 94  3  6  4
 0 71 25  1 20
30 57 48 31 10

50 14 40 48 83
85 80 29 60  2
92 59 86 99 57
46  7 89 66 75
98  6 45 97 51

13 17  0 57  5
29 68 52 11 59
78 63 94 88 89
35 54 74 18  2
28 65 86  1 30

57 46 44 86 62
43 89 81 34 13
32 51  9  6 35
29 52 84  8 88
26 21 17 75 85

14 87 26 22 30
65 78 98  6 60
42 99 19 71 11
68 27 48 52 62
51  1 54 37 74

76 69 37 49 61
20 91 14 31 11
54 40 67 71 15
73 64 85 80 62
 5 10  3 51  7

63 90 54 46 17
16  5  4 56 33
39 41  8 87 80
14 77 26 47 70
15 48  6 10 76

96 95  0 42 56
 3 87 92 18 60
51  7 38  4 91
41 33 80 43 66
61 32 57 84 10

 8 64 76 78 17
55 74 68 47 29
46 84 49 58 93
52 26 32 11 33
24 42 98 27 43

14 19 27 93 16
23 32 74 73 67
68 38  2 22 76
 6 12 94 15 77
64 62 34  3 37
d5:
692,826 -> 692,915
914,338 -> 524,728
77,505 -> 77,912
31,484 -> 250,703
29,241 -> 313,241
381,70 -> 381,121
699,595 -> 641,595
69,989 -> 517,989
99,755 -> 99,687
205,77 -> 844,77
754,705 -> 754,720
739,884 -> 739,737
504,463 -> 854,113
85,386 -> 416,717
39,456 -> 449,46
900,469 -> 900,462
137,680 -> 137,713
797,792 -> 264,792
814,750 -> 86,22
252,644 -> 491,644
932,162 -> 932,615
42,71 -> 464,71
924,685 -> 755,685
729,610 -> 729,391
921,369 -> 921,649
833,241 -> 101,241
822,459 -> 507,459
739,74 -> 807,142
573,850 -> 573,619
888,60 -> 888,592
133,272 -> 339,66
882,662 -> 665,662
572,499 -> 959,112
631,173 -> 404,173
886,730 -> 470,730
116,435 -> 980,435
795,299 -> 886,390
321,464 -> 321,785
210,477 -> 210,880
215,191 -> 59,347
921,749 -> 363,191
598,962 -> 924,636
105,70 -> 105,411
617,221 -> 617,958
383,403 -> 383,208
763,129 -> 118,129
236,185 -> 236,57
608,592 -> 950,250
872,54 -> 761,54
542,49 -> 542,195
943,104 -> 59,988
800,709 -> 800,416
432,628 -> 947,113
396,169 -> 61,169
982,694 -> 611,323
500,381 -> 803,381
843,803 -> 101,61
529,76 -> 960,76
315,277 -> 315,82
396,916 -> 181,916
902,683 -> 902,713
762,40 -> 441,40
276,488 -> 219,488
584,803 -> 637,803
728,523 -> 728,230
794,60 -> 794,658
866,35 -> 866,142
552,689 -> 552,734
944,681 -> 944,606
203,187 -> 860,844
86,938 -> 957,67
789,703 -> 591,703
230,180 -> 230,458
306,404 -> 975,404
227,892 -> 935,184
220,102 -> 226,102
582,546 -> 645,546
565,466 -> 565,229
676,18 -> 123,571
422,815 -> 422,280
10,819 -> 10,395
307,137 -> 307,550
100,137 -> 903,940
769,399 -> 769,443
739,278 -> 201,816
980,916 -> 464,400
739,191 -> 222,191
467,360 -> 467,435
710,381 -> 126,965
106,483 -> 865,483
109,596 -> 388,596
382,953 -> 180,751
598,119 -> 189,528
205,981 -> 205,240
30,207 -> 742,919
422,672 -> 151,672
800,411 -> 800,490
619,174 -> 619,86
335,629 -> 335,325
143,301 -> 143,971
900,949 -> 900,838
625,201 -> 625,719
497,366 -> 497,200
252,67 -> 801,616
176,55 -> 160,39
292,164 -> 292,275
377,940 -> 320,883
984,985 -> 568,985
714,881 -> 714,71
360,728 -> 175,728
513,318 -> 160,671
192,726 -> 825,726
771,225 -> 771,541
693,424 -> 693,924
873,523 -> 603,523
205,525 -> 205,271
47,368 -> 253,368
631,381 -> 631,594
461,594 -> 461,807
51,220 -> 689,858
462,63 -> 462,175
193,943 -> 418,943
478,896 -> 650,896
160,527 -> 223,527
14,383 -> 812,383
410,830 -> 410,43
121,195 -> 121,211
274,284 -> 868,284
828,665 -> 828,559
478,373 -> 478,500
965,954 -> 73,62
370,867 -> 25,867
128,148 -> 128,566
135,843 -> 919,59
241,655 -> 400,814
133,270 -> 958,270
582,470 -> 582,318
545,624 -> 545,524
80,695 -> 80,306
184,926 -> 659,451
124,133 -> 389,133
395,829 -> 605,829
747,955 -> 237,445
697,62 -> 439,62
741,420 -> 741,215
907,848 -> 75,848
300,846 -> 333,813
278,458 -> 625,805
466,718 -> 466,400
408,974 -> 408,632
671,326 -> 340,326
646,615 -> 503,615
922,717 -> 922,392
302,195 -> 380,195
951,55 -> 28,978
272,196 -> 74,196
978,197 -> 978,538
836,737 -> 883,737
78,449 -> 30,449
489,799 -> 489,906
51,332 -> 51,965
295,173 -> 305,173
858,928 -> 257,327
291,935 -> 657,569
664,430 -> 284,430
731,831 -> 731,939
36,295 -> 36,311
693,696 -> 693,924
948,133 -> 311,770
881,34 -> 702,34
584,414 -> 584,451
52,470 -> 646,470
266,194 -> 527,194
758,207 -> 758,196
859,440 -> 540,440
752,307 -> 752,190
502,140 -> 502,798
391,472 -> 391,301
150,414 -> 835,414
234,842 -> 961,115
757,774 -> 935,952
402,342 -> 667,342
141,72 -> 433,72
154,779 -> 590,779
637,166 -> 311,492
387,330 -> 387,15
23,110 -> 95,110
667,651 -> 607,651
883,318 -> 733,318
449,149 -> 535,149
679,147 -> 522,304
472,99 -> 965,592
386,911 -> 148,673
540,720 -> 194,720
97,37 -> 236,37
319,66 -> 319,94
385,343 -> 385,601
180,799 -> 782,197
69,727 -> 69,686
117,290 -> 723,896
590,944 -> 736,798
174,860 -> 861,173
510,791 -> 488,791
837,261 -> 837,731
373,388 -> 373,471
810,844 -> 810,159
960,610 -> 610,960
786,264 -> 786,539
817,698 -> 572,453
388,113 -> 360,85
982,912 -> 982,720
716,155 -> 177,694
648,727 -> 931,727
764,850 -> 539,850
942,453 -> 942,620
47,746 -> 47,338
626,498 -> 76,498
341,420 -> 524,237
420,235 -> 732,547
598,452 -> 598,981
980,450 -> 980,103
526,652 -> 526,807
63,666 -> 512,217
137,452 -> 43,452
694,752 -> 252,752
652,346 -> 524,346
458,316 -> 640,316
597,503 -> 331,503
983,49 -> 79,953
358,847 -> 492,981
34,176 -> 34,269
169,482 -> 617,930
454,989 -> 454,436
572,292 -> 572,615
623,204 -> 125,702
960,332 -> 738,332
973,42 -> 25,42
349,974 -> 349,328
742,248 -> 111,248
784,766 -> 784,727
44,56 -> 973,985
651,740 -> 541,740
333,344 -> 834,845
769,256 -> 769,234
59,940 -> 832,167
414,500 -> 614,700
369,969 -> 347,969
18,983 -> 983,18
401,927 -> 579,749
752,102 -> 922,102
168,834 -> 442,560
78,213 -> 699,834
463,536 -> 463,222
819,393 -> 377,835
748,776 -> 122,776
668,127 -> 379,416
10,477 -> 477,10
271,474 -> 846,474
26,245 -> 26,720
916,184 -> 535,184
20,947 -> 857,110
185,506 -> 185,887
676,583 -> 676,779
453,650 -> 312,650
975,218 -> 538,655
21,856 -> 803,74
807,284 -> 807,186
803,732 -> 684,851
935,946 -> 573,946
818,904 -> 724,904
663,500 -> 291,872
871,327 -> 958,327
791,919 -> 791,895
635,112 -> 635,813
381,730 -> 585,934
256,759 -> 256,364
530,316 -> 330,316
30,931 -> 744,217
771,921 -> 771,445
169,132 -> 169,77
431,326 -> 91,326
674,537 -> 525,537
598,150 -> 249,150
902,974 -> 902,893
847,52 -> 71,52
944,330 -> 944,861
785,440 -> 785,716
747,200 -> 122,200
90,347 -> 90,270
705,986 -> 192,986
59,822 -> 59,502
554,196 -> 670,196
299,450 -> 299,555
285,793 -> 186,793
418,608 -> 418,297
928,183 -> 924,183
384,950 -> 384,265
979,61 -> 51,989
695,409 -> 695,797
976,988 -> 13,25
777,428 -> 777,558
199,983 -> 199,898
130,677 -> 130,282
128,975 -> 397,706
957,874 -> 358,874
331,121 -> 622,412
630,734 -> 171,734
129,260 -> 868,260
297,10 -> 794,507
610,632 -> 610,347
29,17 -> 989,977
220,663 -> 882,663
62,697 -> 62,465
906,851 -> 906,549
368,485 -> 46,485
20,616 -> 20,638
668,122 -> 953,122
849,140 -> 849,944
29,596 -> 29,859
324,95 -> 468,95
797,428 -> 389,836
258,381 -> 258,411
663,351 -> 73,351
852,436 -> 852,697
474,873 -> 474,53
413,786 -> 413,65
242,40 -> 210,72
173,585 -> 936,585
576,520 -> 576,359
958,376 -> 595,739
478,230 -> 809,230
817,743 -> 841,743
485,658 -> 233,406
937,708 -> 983,662
369,384 -> 340,413
189,277 -> 845,277
298,743 -> 157,743
414,938 -> 317,938
244,869 -> 244,788
280,148 -> 280,818
54,509 -> 146,509
387,579 -> 387,227
692,405 -> 545,405
522,325 -> 547,325
955,334 -> 955,495
575,199 -> 847,199
180,872 -> 917,872
131,816 -> 131,386
153,829 -> 29,829
487,869 -> 487,612
983,335 -> 695,623
119,755 -> 25,755
235,266 -> 938,969
710,965 -> 710,803
237,703 -> 472,938
326,900 -> 326,230
750,373 -> 809,373
910,961 -> 910,822
168,669 -> 168,360
437,284 -> 779,626
497,510 -> 245,762
920,130 -> 606,130
326,936 -> 851,411
985,654 -> 985,205
828,345 -> 828,176
810,192 -> 134,192
433,443 -> 956,443
360,215 -> 676,531
684,17 -> 684,419
430,431 -> 636,637
973,127 -> 973,156
68,893 -> 68,754
136,237 -> 541,237
867,799 -> 282,799
686,983 -> 829,983
92,30 -> 94,32
27,25 -> 977,975
947,262 -> 965,280
18,762 -> 294,762
538,99 -> 538,906
822,302 -> 175,949
17,499 -> 145,499
305,567 -> 171,701
592,389 -> 855,126
672,672 -> 312,312
971,859 -> 280,168
67,156 -> 558,156
710,109 -> 521,109
919,831 -> 705,831
573,975 -> 759,975
593,787 -> 82,276
880,169 -> 888,161
111,251 -> 474,251
61,240 -> 61,312
982,698 -> 982,38
916,759 -> 916,318
793,220 -> 947,220
772,655 -> 501,655
924,76 -> 924,449
955,573 -> 794,573
700,226 -> 739,226
86,147 -> 654,147
547,870 -> 159,482
578,813 -> 241,813
120,533 -> 587,533
160,56 -> 872,768
503,142 -> 916,142
709,248 -> 738,219
419,343 -> 374,343
756,489 -> 894,489
412,659 -> 649,659
159,472 -> 105,526
330,332 -> 330,764
432,292 -> 432,11
366,516 -> 524,674
744,937 -> 344,537
371,880 -> 277,880
773,260 -> 836,323
783,109 -> 595,109
414,463 -> 414,699
200,575 -> 155,575
105,743 -> 965,743
611,778 -> 238,405
986,419 -> 902,419
144,186 -> 251,186
398,491 -> 615,491
184,483 -> 251,483
569,932 -> 569,472
300,889 -> 300,16
402,681 -> 614,469
382,771 -> 382,940
469,206 -> 921,658
91,463 -> 91,578
708,168 -> 708,449
38,89 -> 804,855
958,976 -> 11,29
609,764 -> 609,705
139,161 -> 580,602
564,602 -> 564,869
292,257 -> 292,87
237,729 -> 695,271
331,57 -> 909,635
745,256 -> 745,47
504,914 -> 504,811
536,252 -> 650,252
398,765 -> 854,765
366,343 -> 419,396
10,919 -> 909,20
472,729 -> 11,268
931,299 -> 222,299
164,918 -> 404,918
860,77 -> 860,14
739,166 -> 359,166
323,220 -> 989,886
730,693 -> 248,693
106,56 -> 906,856
725,167 -> 725,45
907,290 -> 230,967
308,728 -> 308,340
731,671 -> 731,310
103,706 -> 584,706
819,42 -> 178,42
926,983 -> 753,983
985,912 -> 985,299
21,267 -> 477,267
355,582 -> 355,805
57,928 -> 663,928
76,523 -> 76,561
623,479 -> 17,479
15,715 -> 848,715
16,677 -> 671,22
307,231 -> 307,187
539,381 -> 179,21
144,101 -> 226,183
386,487 -> 745,487
979,171 -> 886,171
820,551 -> 820,811
205,970 -> 205,891
828,704 -> 136,704
187,338 -> 76,227
776,160 -> 473,463
989,578 -> 749,818
746,136 -> 746,370
659,964 -> 836,964
533,558 -> 907,558
231,786 -> 231,440
600,636 -> 133,636
746,361 -> 746,968
456,111 -> 679,111
283,638 -> 50,638
865,749 -> 753,637
798,33 -> 219,33
224,447 -> 444,667
941,845 -> 941,762
253,501 -> 152,501
90,287 -> 387,584
508,105 -> 532,105
90,128 -> 90,648
69,442 -> 69,675
872,108 -> 18,962
d6:
1,1,1,1,1,5,1,1,1,5,1,1,3,1,5,1,4,1,5,1,2,5,1,1,1,1,3,1,4,5,1,1,2,1,1,1,2,4,3,2,1,1,2,1,5,4,4,1,4,1,1,1,4,1,3,1,1,1,2,1,1,1,1,1,1,1,5,4,4,2,4,5,2,1,5,3,1,3,3,1,1,5,4,1,1,3,5,1,1,1,4,4,2,4,1,1,4,1,1,2,1,1,1,2,1,5,2,5,1,1,1,4,1,2,1,1,1,2,2,1,3,1,4,4,1,1,3,1,4,1,1,1,2,5,5,1,4,1,4,4,1,4,1,2,4,1,1,4,1,3,4,4,1,1,5,3,1,1,5,1,3,4,2,1,3,1,3,1,1,1,1,1,1,1,1,1,4,5,1,1,1,1,3,1,1,5,1,1,4,1,1,3,1,1,5,2,1,4,4,1,4,1,2,1,1,1,1,2,1,4,1,1,2,5,1,4,4,1,1,1,4,1,1,1,5,3,1,4,1,4,1,1,3,5,3,5,5,5,1,5,1,1,1,1,1,1,1,1,2,3,3,3,3,4,2,1,1,4,5,3,1,1,5,5,1,1,2,1,4,1,3,5,1,1,1,5,2,2,1,4,2,1,1,4,1,3,1,1,1,3,1,5,1,5,1,1,4,1,2,1
d7: